0,486
0,533
0,482
0,485
0,457
0,488
0,273
0,472
0,270
0,563
0,493
0,468
0,470
3,2
3,1
3,3
10,152
10,164
10,246
10,200
10,314
10,300
10,168
9,6
9,4
179,8
179,7
179,6
179,5
8,7
179,4
8,16
179,3
8,9
179,1
8,17
133,3
8,13
133,1
8,2
34,3
0,392
34,1
33,3
33,1
32,3
32,1
31,3
31,1
30,3
30,1
29,3
29,1
28,3
28,1
27,3
27,1
26,3
26,1
25,3
25,1
20,3
20,2
20,1
19,2
14,23
19,1
14,17
14,8
19,3
14,7
14,5
14,4
13,5
13,4
12,3
12,2
12,1
11,30
11,29
11,28
11,27
11,26
11,25
11,24
11,23
11,22
11,21
11,20
11,19
11,18
11,17
11,16
11,15
11,14
11,13
11,12
11,11
11,10
11,9
11,8
11,7
11,6
11,5
11,4
11,3
11,2
11,1
10,317
10,316
10,315
10,313
10,312
10,310
10,307
10,306
10,304
10,302
10,299
10,297
10,291
10,275
